225,225,225,226,226,227,227,227,227,227,227,228,228,229,229,229,230,230,230,230,230,230,230,230,230,230,230,230,230,230,230,230,230,230,230,230,230,230,230,230,234,229,227,230,232,231,228,228,226,225,227,231,232,230,229,231,229,230,232,232,231,229,226,224,229,228,227,228,231,233,233,232,225,232,239,238,232,229,233,237,230,238,248,244,222,203,209,227,242,245,249,253,255,255,255,255,255,255,255,255,255,255,255,255,254,254,254,253,249,245,242,241,240,240,239,238,238,237,236,236,234,234,234,233,233,232,232,232
225,225,225,226,226,226,227,227,227,227,227,228,228,229,229,229,230,230,230,230,230,230,230,230,230,230,230,230,230,230,230,230,230,230,230,230,230,230,230,230,233,229,228,230,231,228,227,228,227,225,227,231,232,230,229,231,229,230,231,232,231,229,226,224,230,229,229,230,231,231,232,231,249,236,224,225,235,239,232,223,246,235,224,217,211,211,224,242,243,245,249,253,255,255,255,255,255,255,255,255,255,255,255,255,254,254,254,253,249,245,243,242,240,240,239,238,238,237,236,236,234,234,234,233,233,232,232,232
225,225,225,225,226,226,226,227,227,227,227,228,228,229,229,229,230,230,230,230,230,230,230,230,230,230,230,230,230,230,230,230,230,230,230,230,230,230,230,230,231,230,230,231,229,225,225,228,227,226,227,231,231,229,229,231,229,230,231,231,231,229,227,225,229,231,232,231,230,230,230,231,231,231,230,229,229,233,240,244,236,216,200,202,214,226,237,246,244,246,249,253,255,255,255,255,255,255,255,255,255,255,255,255,255,254,254,253,249,245,243,243,240,240,239,238,238,237,236,236,234,234,234,233,233,232,232,232
224,224,225,225,225,226,226,226,227,227,227,228,228,229,229,229,230,230,230,230,230,230,230,230,230,230,230,230,230,230,230,230,230,230,230,230,230,230,230,230,230,230,231,231,227,223,224,229,228,227,227,230,231,229,229,231,229,230,230,231,230,229,227,226,226,229,231,232,230,230,231,232,222,228,235,236,233,231,232,234,203,197,199,215,232,239,238,236,244,246,249,252,255,255,255,255,255,255,255,255,255,255,255,255,255,254,254,252,248,245,243,243,240,240,239,238,238,237,236,236,234,234,234,233,233,232,232,232
224,224,224,225,225,225,226,226,227,227,227,228,228,229,229,229,230,230,230,230,230,230,230,230,230,230,230,230,230,230,230,230,230,230,230,230,230,230,230,230,230,230,231,231,227,223,225,229,230,227,227,230,230,228,229,231,229,229,230,230,230,229,228,227,224,226,229,231,231,231,232,232,245,231,222,231,244,237,205,175,196,203,217,232,240,240,237,235,245,246,248,251,254,255,255,255,255,255,255,255,255,255,255,255,255,254,254,251,247,244,243,244,240,240,239,238,238,237,236,236,234,234,234,233,233,232,232,232
223,224,224,224,225,225,225,225,227,227,227,228,228,229,229,229,230,230,230,230,230,230,230,230,230,230,230,230,230,230,230,230,230,230,230,230,230,230,230,230,230,228,229,231,229,226,227,230,231,228,227,229,229,228,228,231,229,229,229,229,229,229,229,229,224,224,226,229,232,232,230,228,228,224,224,230,235,223,197,174,221,228,234,235,232,233,239,246,244,245,247,250,252,254,255,255,255,255,255,255,255,255,255,255,255,254,253,250,246,243,243,243,240,240,239,238,238,237,236,236,234,234,234,233,233,232,232,232
223,223,224,224,224,225,225,225,227,227,227,228,228,229,229,229,230,230,230,230,230,230,230,230,230,230,230,230,230,230,230,230,230,230,230,230,230,230,230,230,231,227,227,230,231,230,229,230,232,229,227,229,229,227,228,231,229,229,229,229,229,229,229,229,228,225,224,227,232,232,226,221,208,221,233,230,218,210,212,218,235,237,236,232,230,233,240,245,244,245,246,248,251,253,255,255,255,255,255,255,255,255,255,255,255,254,253,249,244,242,242,243,240,240,239,238,238,237,236,236,234,234,234,233,233,232,232,232
223,223,223,224,224,225,225,225,227,227,227,228,228,229,229,229,230,230,230,230,230,230,230,230,230,230,230,230,230,230,230,230,230,230,230,230,230,230,230,230,231,227,225,229,233,232,231,231,232,229,227,229,228,227,228,231,229,229,229,228,229,229,230,230,232,227,224,226,231,231,223,214,237,233,226,221,219,221,223,225,226,228,230,233,238,241,238,234,243,244,245,247,250,252,255,255,255,255,255,255,255,255,255,255,255,253,252,248,243,241,241,242,240,240,239,238,238,237,236,236,234,234,234,233,233,232,232,232
224,225,226,224,221,222,225,228,227,227,227,228,228,229,229,229,228,228,228,229,229,230,230,230,230,230,230,230,230,230,230,230,228,228,230,231,230,229,228,227,220,219,224,233,235,229,227,229,229,225,224,228,232,233,231,230,233,227,226,231,233,229,226,227,232,229,226,224,223,225,227,229,231,213,228,220,219,234,224,231,231,231,232,233,235,236,237,237,239,241,243,246,249,252,254,255,254,255,255,255,255,255,255,254,254,252,250,247,245,243,243,243,240,240,239,238,238,237,236,236,234,234,234,233,233,232,232,232
223,224,226,225,223,223,225,227,227,227,227,228,228,228,229,229,228,228,228,229,229,230,230,230,230,230,230,230,230,230,230,230,230,230,230,230,229,227,226,225,240,237,235,234,231,228,228,229,224,227,230,230,226,223,224,228,226,222,222,225,226,226,230,236,231,229,227,225,224,224,225,226,218,214,225,214,216,226,219,239,231,231,232,233,234,236,236,237,239,240,242,245,248,251,253,254,254,255,255,255,255,255,255,254,253,252,249,247,244,243,243,242,240,240,239,238,237,237,236,236,234,234,234,233,233,232,232,232
221,223,225,226,225,224,225,226,227,227,227,227,228,228,228,229,228,228,228,229,229,230,230,230,230,230,230,230,230,230,230,230,233,232,230,228,226,225,225,225,230,231,229,224,224,227,228,226,231,233,236,235,232,231,231,232,233,232,232,231,227,223,226,231,230,229,228,226,225,223,223,222,212,211,219,216,223,228,220,235,230,231,231,233,234,235,236,236,238,239,241,244,247,249,251,252,253,254,255,255,255,255,254,253,252,250,248,246,244,242,242,242,240,239,239,238,237,236,236,235,234,234,234,233,233,232,232,232
220,221,224,226,226,226,226,225,226,226,227,227,227,228,228,228,228,228,228,229,229,230,230,230,230,230,230,230,230,230,230,230,232,231,229,227,226,226,226,227,226,232,234,230,230,234,232,226,224,222,220,222,228,231,226,218,228,229,230,230,228,226,225,225,229,229,228,228,226,223,221,219,221,206,214,225,226,230,228,222,229,230,231,232,233,234,235,236,237,238,240,243,245,248,249,250,252,252,253,254,254,253,252,252,250,249,247,244,243,242,241,241,239,239,238,238,237,236,235,235,234,234,234,233,233,232,232,232
218,219,222,224,226,227,226,225,226,226,226,227,227,227,228,228,228,228,228,229,229,230,230,230,230,230,230,230,230,230,230,230,230,229,227,227,227,228,230,231,229,232,232,228,227,228,226,222,234,232,226,220,222,228,231,229,217,217,217,218,223,228,231,231,228,228,229,228,226,223,220,218,230,207,218,229,205,208,233,223,228,229,230,231,232,233,234,235,236,237,239,241,243,246,247,248,250,250,251,252,252,251,250,250,248,247,245,243,241,241,241,241,239,239,238,237,236,236,235,235,234,234,234,233,233,232,232,232
218,218,219,221,225,226,226,225,225,226,226,226,227,227,227,227,228,228,228,229,229,230,230,230,230,230,230,230,230,230,230,230,228,228,228,228,229,230,231,232,226,224,223,225,226,227,229,233,216,228,234,226,217,215,218,219,222,223,221,218,219,225,229,230,228,228,228,228,227,224,222,220,226,215,222,225,182,177,226,234,228,228,229,230,231,233,233,234,235,236,238,240,242,244,245,246,247,248,249,250,250,249,248,247,247,246,244,242,240,240,240,240,239,238,238,237,236,235,235,234,234,234,234,233,233,232,232,232
218,216,216,218,222,226,226,226,225,225,226,226,226,227,227,227,228,228,228,229,229,230,230,230,230,230,230,230,230,230,230,230,229,229,230,231,231,231,230,230,233,226,228,235,231,215,207,210,190,178,154,130,129,152,179,193,183,200,216,220,219,220,222,222,228,228,228,227,226,225,224,223,215,227,220,219,192,172,209,233,227,228,228,230,231,232,233,233,234,235,237,238,240,242,244,245,245,246,247,247,247,247,246,245,245,244,243,241,240,239,239,240,238,238,237,237,236,235,234,234,234,234,234,233,233,232,232,232
218,215,214,216,221,225,226,226,225,225,225,226,226,227,227,227,228,228,228,229,229,230,230,230,230,230,230,230,230,230,230,230,231,232,232,233,232,231,229,228,228,219,220,224,203,160,130,123,111,106,100,105,124,138,129,109,99,139,185,210,216,218,220,222,228,228,228,227,226,226,226,225,206,234,213,217,222,189,197,220,227,227,228,229,231,232,233,233,234,235,236,238,240,242,243,244,244,245,245,246,246,245,245,244,245,244,242,240,239,239,239,239,238,238,237,236,236,235,234,234,234,234,234,233,233,232,232,232
238,231,221,215,215,220,227,232,225,224,224,225,227,228,226,224,225,228,229,227,228,230,230,228,231,236,238,234,230,231,232,232,229,233,232,226,227,232,230,222,231,207,173,127,129,103,94,87,99,98,82,105,107,118,143,84,102,70,117,151,213,201,212,227,215,204,229,231,218,239,211,234,231,187,228,226,220,207,195,183,226,226,229,233,232,230,231,234,234,234,235,236,238,239,240,240,242,242,242,242,242,242,242,242,243,242,242,241,240,239,238,238,237,237,237,236,236,235,235,235,235,235,235,234,234,233,233,233
237,235,230,223,217,217,222,227,226,226,225,225,225,225,225,225,227,229,228,226,226,230,231,230,230,229,225,221,222,228,231,231,230,232,232,229,226,224,219,214,175,147,124,99,109,83,82,86,97,103,94,116,115,124,151,105,112,98,174,96,123,193,185,221,202,131,155,143,190,213,224,215,217,227,223,201,231,237,231,188,212,224,232,230,227,230,233,232,234,234,235,236,237,238,239,240,242,242,242,242,242,242,242,242,242,242,241,240,239,238,238,237,237,237,236,236,236,235,235,235,235,235,235,234,234,233,233,233
237,239,239,232,222,216,217,220,225,226,226,225,224,224,225,226,229,230,228,225,226,229,231,230,232,229,225,223,226,232,233,231,240,224,217,229,240,222,181,145,143,118,111,103,117,91,100,115,81,95,98,117,109,107,125,92,98,100,99,98,132,138,169,168,158,227,217,207,218,228,161,225,219,229,231,229,220,197,231,195,199,217,230,227,225,230,233,230,233,233,234,235,236,238,238,239,240,240,240,240,240,240,240,240,241,240,240,239,238,238,237,237,237,236,236,236,235,235,235,235,235,235,235,234,234,233,233,233
237,240,242,239,231,222,217,216,220,223,226,226,225,224,225,227,227,229,229,227,227,230,230,227,226,228,230,230,232,234,231,226,227,229,233,227,199,157,126,116,104,95,102,90,96,77,93,105,114,115,101,100,88,87,112,104,70,106,63,134,140,59,114,99,106,136,153,120,161,199,209,220,145,213,207,182,224,209,214,221,199,207,219,227,230,229,230,232,231,232,233,234,235,236,237,238,239,239,239,239,239,239,239,239,239,239,238,238,237,237,237,236,236,236,236,235,235,235,234,234,235,235,235,234,234,233,233,233
239,238,239,240,239,233,224,216,214,218,222,226,227,227,226,226,223,227,230,230,229,230,227,223,218,223,227,227,227,229,229,228,232,221,205,181,146,115,107,114,105,116,132,106,101,92,112,112,105,108,104,107,100,88,91,88,73,89,96,90,97,105,73,69,66,94,135,114,110,126,164,182,238,201,215,214,240,232,218,210,211,200,205,226,235,228,226,235,230,231,232,233,234,235,236,237,237,237,237,237,237,237,237,237,237,237,237,237,236,236,236,236,236,236,235,235,235,234,234,234,235,235,235,234,234,233,233,233
240,237,236,239,243,241,232,223,216,216,217,221,225,227,226,225,222,227,229,229,228,228,225,221,226,228,227,225,227,231,233,232,214,184,152,139,138,130,113,98,97,112,130,99,94,92,111,98,100,98,94,95,95,86,86,100,88,73,93,72,94,150,66,71,69,93,85,123,111,116,102,147,171,202,208,150,206,238,209,212,220,202,200,218,230,226,226,234,229,230,230,232,233,234,235,235,236,236,236,236,236,236,236,236,235,235,235,235,235,235,235,235,235,235,235,235,234,234,234,233,235,235,235,234,234,233,233,233
240,238,237,239,241,241,237,233,225,218,212,212,218,224,225,224,225,227,227,224,223,225,225,223,234,231,227,228,231,230,217,204,151,149,143,135,129,122,110,100,104,104,118,98,99,96,110,92,98,103,111,115,116,97,84,106,77,95,95,114,101,96,51,75,85,36,75,95,108,98,141,105,125,142,186,179,187,194,226,236,220,213,205,205,214,224,229,229,228,229,230,231,232,233,234,234,234,234,234,234,234,234,234,234,234,234,234,234,234,234,235,235,235,235,235,234,234,234,233,233,235,235,235,234,234,233,233,233
240,240,240,240,238,238,239,240,234,222,209,206,212,221,224,224,228,228,224,219,219,223,226,226,226,222,220,224,228,216,185,156,139,132,120,114,121,126,110,88,119,102,111,103,112,103,112,94,108,108,108,100,95,77,69,105,59,89,82,96,91,108,61,69,71,90,64,59,61,89,97,96,114,143,162,185,208,181,213,213,215,222,213,195,199,223,233,225,228,228,229,230,232,233,234,234,234,234,234,234,234,234,234,234,233,234,234,234,234,234,234,234,235,235,235,234,234,233,233,233,235,235,235,234,234,233,233,233
242,242,242,241,241,240,240,240,239,237,230,218,208,207,215,223,226,222,221,224,225,223,224,227,231,213,228,225,210,156,133,137,119,74,115,132,124,119,95,119,135,121,112,112,113,113,105,91,107,109,104,100,77,70,99,105,80,99,93,103,116,102,83,60,88,64,58,61,64,58,62,95,90,108,151,140,157,145,191,213,229,209,229,216,204,224,220,221,223,225,225,225,229,233,233,229,231,231,231,231,231,231,231,231,233,233,233,234,234,235,235,235,235,235,235,234,234,233,233,233,235,235,235,234,234,233,233,233
242,242,242,241,241,241,240,240,239,238,234,226,217,212,213,215,218,218,221,224,224,223,224,227,219,245,205,202,145,140,122,108,94,90,125,123,109,111,105,126,113,112,115,113,106,106,112,113,105,106,97,91,73,74,101,101,58,84,85,99,117,114,104,83,68,75,76,63,61,68,66,73,88,98,126,130,165,137,162,198,202,236,209,202,186,186,233,211,223,224,224,224,227,231,231,228,230,230,230,230,231,231,231,231,233,233,233,234,234,234,235,235,235,235,235,234,234,233,233,233,235,235,235,234,234,233,233,233
242,242,242,242,241,241,241,240,240,240,239,236,229,221,214,209,213,217,222,224,224,223,224,225,233,208,211,122,117,111,101,86,79,119,140,123,107,107,110,117,114,113,116,113,101,99,105,106,96,97,85,78,68,77,100,89,56,85,87,94,105,106,100,77,75,88,79,56,51,62,71,73,65,82,93,96,140,123,127,155,214,208,218,223,210,186,185,223,221,224,224,223,224,228,229,227,228,228,229,229,230,231,231,231,233,233,233,233,234,234,234,235,235,235,234,234,234,234,233,233,235,235,235,234,234,233,233,233
243,243,242,242,242,241,241,241,241,241,241,241,238,230,220,212,213,219,223,223,223,226,226,224,215,199,124,121,102,92,103,86,121,151,127,99,98,105,121,124,104,96,96,103,109,114,111,100,84,86,75,70,67,81,97,74,70,97,98,97,99,100,97,71,86,87,70,63,59,55,67,75,62,90,93,81,111,128,133,134,220,202,224,217,215,199,171,224,216,221,224,223,223,225,227,226,226,226,227,228,229,230,231,231,232,232,233,233,233,234,234,234,234,234,234,234,234,234,234,234,235,235,235,234,234,233,233,233
243,243,243,242,242,242,241,241,242,240,239,240,241,237,229,223,214,219,219,218,224,232,229,219,183,134,119,106,98,119,91,119,127,134,106,106,128,126,116,102,111,100,97,103,108,107,94,76,78,82,74,75,76,87,95,66,75,98,101,102,103,107,111,88,72,85,72,77,78,65,68,58,69,85,89,82,77,112,131,126,127,217,223,217,216,206,207,162,206,214,221,221,220,222,224,225,224,224,225,227,228,229,231,231,232,232,232,233,233,233,234,234,234,234,234,234,234,234,234,234,235,235,235,234,234,233,233,233
244,243,243,243,242,242,242,242,243,241,238,238,240,240,237,234,217,219,215,213,223,232,218,195,123,125,113,96,120,94,139,118,123,100,83,99,129,133,114,106,81,83,94,102,101,101,99,92,79,82,78,85,85,89,94,66,77,90,90,95,92,93,100,80,65,95,75,68,70,72,85,62,74,69,73,88,57,79,104,120,105,174,209,206,202,206,207,190,191,203,214,217,216,217,220,221,221,222,224,225,227,229,230,231,231,232,232,232,233,233,233,233,233,233,234,234,234,234,235,235,235,235,235,234,234,233,233,233
244,244,243,243,243,242,242,242,243,242,240,239,239,240,240,240,229,226,216,211,220,221,189,149,105,112,105,107,89,138,110,116,96,73,100,117,126,127,97,95,88,93,102,101,89,83,84,82,79,79,77,88,84,81,87,66,80,80,77,86,80,75,83,66,70,98,70,62,61,62,96,88,80,85,82,101,65,77,87,117,120,108,182,216,219,214,182,215,174,190,206,211,211,211,214,216,220,221,222,224,226,229,230,231,231,231,232,232,232,233,233,233,233,233,233,234,234,235,235,235,235,235,235,234,234,233,233,233
244,244,244,243,243,242,242,242,243,243,241,240,239,239,240,241,242,235,220,211,216,209,161,108,115,104,94,89,116,117,117,89,98,76,122,118,101,108,87,101,94,92,95,94,85,81,82,78,76,74,72,85,78,71,79,64,76,72,70,87,86,82,93,81,66,85,65,82,76,51,89,102,63,98,87,91,59,78,70,95,126,118,130,192,211,200,214,196,163,181,200,207,207,207,210,212,219,220,221,224,226,228,230,231,231,231,231,232,232,233,233,233,233,233,233,234,234,235,235,235,235,235,235,234,234,233,233,233
244,244,244,243,243,242,242,242,242,242,241,240,239,239,238,237,240,228,246,221,203,203,102,122,102,95,100,107,106,111,108,90,82,86,98,101,95,93,98,97,84,79,82,81,75,81,84,71,70,74,77,74,64,56,59,66,69,75,104,78,83,92,91,64,69,64,56,79,82,62,72,77,77,82,98,65,98,67,61,80,104,114,96,120,198,219,194,199,201,78,93,155,204,207,205,199,215,214,229,227,223,231,228,227,230,230,231,232,232,233,234,234,233,233,233,234,234,235,235,235,234,234,234,234,234,234,234,234
244,244,244,243,243,243,242,242,242,242,241,241,240,239,238,238,242,232,235,232,226,130,126,106,92,93,104,109,104,103,101,87,81,84,93,97,91,89,91,88,79,75,79,81,77,83,83,70,58,70,81,82,72,64,62,63,71,73,103,80,85,87,85,63,68,74,78,82,77,68,70,73,76,77,89,61,93,69,59,72,91,103,104,106,137,180,198,191,206,81,82,74,188,205,192,226,216,214,222,221,221,228,228,231,230,230,231,232,232,233,234,234,233,233,233,234,234,235,235,235,234,234,234,234,234,234,234,234
244,244,244,244,243,243,243,242,242,242,241,241,240,239,239,239,235,248,217,244,183,102,115,90,85,94,109,111,100,94,91,83,83,83,88,91,87,84,83,77,74,72,76,80,80,83,80,67,72,78,74,59,50,57,71,79,73,73,102,84,87,81,76,62,72,84,99,85,75,79,71,70,72,72,80,59,85,72,58,65,88,105,112,100,102,131,165,181,168,167,92,74,88,141,111,207,220,222,220,219,223,226,228,233,230,230,231,232,232,233,234,234,233,233,233,234,234,235,235,235,234,234,234,234,234,234,234,234
245,245,244,244,244,243,243,243,242,242,242,241,241,240,240,239,230,249,227,198,122,115,88,81,92,102,111,109,99,91,85,80,88,84,86,88,84,82,77,69,71,71,74,79,81,79,72,62,65,76,77,64,54,58,63,63,75,74,102,85,89,75,69,64,83,82,95,82,82,92,76,74,68,70,78,64,74,74,60,64,65,91,93,99,122,121,138,193,172,198,74,55,95,105,105,103,214,230,223,223,230,225,227,231,230,230,231,232,232,233,234,234,233,233,233,234,234,235,235,235,234,234,234,234,234,234,234,234
245,245,245,244,244,244,243,243,242,242,242,241,241,241,241,240,239,238,229,123,112,102,89,84,107,111,109,103,98,92,84,79,93,87,86,86,82,79,75,66,69,72,73,77,78,71,62,58,66,73,74,64,59,62,66,64,75,75,100,82,86,70,65,68,92,75,73,77,92,100,86,80,62,70,80,72,64,76,63,67,79,93,88,95,118,112,111,144,146,164,80,93,94,89,121,115,181,225,222,223,234,225,228,228,230,230,231,232,232,233,234,234,233,233,233,234,234,235,235,235,234,234,234,234,234,234,234,234
246,245,245,245,244,244,244,244,242,242,242,242,242,241,241,241,243,239,167,113,107,87,98,102,113,114,104,96,97,94,85,81,94,86,83,81,76,75,73,67,67,72,72,72,72,62,54,58,74,70,64,60,61,68,76,81,71,75,97,72,78,65,64,71,86,74,54,73,95,96,97,79,57,68,77,76,54,78,65,66,69,71,77,76,83,116,129,106,166,133,83,111,70,92,82,120,136,214,219,221,233,224,230,228,230,230,231,232,232,233,234,234,233,233,233,234,234,235,235,235,234,234,234,234,234,234,234,234
246,246,245,245,245,244,244,244,242,242,242,242,242,242,242,242,236,222,110,123,92,83,104,111,105,109,99,91,95,92,84,84,90,82,78,74,68,68,70,66,62,70,69,67,66,55,51,62,57,54,62,78,85,77,67,63,65,74,91,60,67,60,63,73,66,84,52,73,88,83,105,70,54,62,68,74,45,80,64,58,71,77,82,68,67,102,115,84,162,130,128,61,89,59,68,82,108,214,225,221,231,222,233,227,230,230,231,232,232,233,234,234,233,233,233,234,234,235,235,235,234,234,234,234,234,234,234,234
246,246,246,245,245,244,244,244,242,242,242,242,242,242,242,242,230,180,116,97,97,71,118,104,93,102,96,89,93,90,83,87,86,78,74,69,61,62,67,65,58,68,67,64,62,51,50,67,66,52,51,67,76,69,62,63,60,72,87,51,59,57,63,73,47,95,59,74,79,71,109,61,52,57,60,70,40,82,63,51,54,78,76,69,87,99,100,110,86,166,136,67,83,73,86,85,101,223,236,225,231,221,234,226,230,230,231,232,232,233,234,234,233,233,233,234,234,235,235,235,234,234,234,234,234,234,234,234
247,247,245,244,244,245,247,248,246,241,244,242,246,244,233,245,208,124,107,89,88,116,101,102,97,92,90,92,92,88,87,90,83,77,73,72,70,67,65,66,68,72,69,59,57,61,61,54,61,54,51,58,68,69,58,45,58,65,59,48,48,56,65,75,56,83,65,80,84,74,90,60,55,56,63,69,69,69,65,53,67,73,64,73,78,71,84,93,93,151,144,83,76,68,86,98,187,230,221,222,228,226,239,221,228,228,229,230,230,231,232,232,233,233,233,234,234,235,235,235,236,236,236,235,235,234,234,234
248,247,246,245,245,245,246,247,245,242,244,242,244,243,235,239,172,103,102,99,103,121,99,97,100,94,90,92,94,92,91,93,80,74,70,70,69,66,64,65,70,69,64,57,55,57,59,58,54,55,58,63,65,63,56,49,65,68,59,50,53,58,62,66,57,79,62,75,80,72,85,55,55,56,62,66,62,61,58,49,68,70,58,70,80,75,85,89,71,114,194,160,94,122,82,204,184,196,225,233,224,225,229,233,228,228,229,230,230,231,232,232,233,233,233,234,234,235,235,235,236,236,236,235,235,234,234,234
248,248,246,245,245,245,245,245,245,244,245,244,242,243,238,227,137,86,97,108,110,116,95,95,98,91,88,90,94,94,92,91,75,70,68,68,68,65,64,65,70,64,58,55,53,52,56,61,47,56,64,66,61,55,54,55,65,66,57,52,58,62,60,61,64,79,61,72,78,73,81,53,59,59,64,65,56,53,53,49,70,68,53,66,81,78,84,83,94,89,171,119,218,208,101,220,200,175,221,234,221,228,220,238,228,228,229,230,230,231,232,232,233,233,233,234,234,235,235,235,236,236,236,236,235,235,235,235
248,248,247,246,245,245,245,244,244,246,244,246,241,243,240,209,118,86,99,109,103,101,91,98,89,85,84,88,93,92,87,82,72,68,66,68,68,66,65,65,67,58,53,56,54,49,52,60,49,56,63,62,56,52,54,59,56,59,55,53,59,62,62,65,75,81,66,72,79,77,79,57,63,63,67,66,55,50,54,56,71,68,53,66,79,74,80,78,85,66,126,181,215,218,115,108,220,193,209,222,226,229,220,231,228,228,229,230,230,231,232,232,233,233,233,234,234,235,235,235,236,236,236,236,236,236,236,236
247,247,247,247,246,245,245,244,245,247,243,248,240,244,241,185,103,91,105,110,98,91,90,100,82,83,86,91,94,91,81,72,69,66,65,68,69,66,65,65,62,55,53,58,57,49,49,54,56,57,57,55,53,53,56,59,51,56,56,55,57,57,60,70,82,81,69,70,77,78,77,61,63,61,65,64,53,48,54,60,70,70,56,66,76,68,73,73,75,80,116,192,208,194,157,142,201,218,199,211,233,225,225,225,228,228,229,230,230,231,232,232,233,233,233,234,234,235,235,235,236,236,236,236,236,236,236,236
245,246,246,247,247,246,246,245,246,249,240,249,241,246,240,160,89,96,107,110,100,93,93,93,81,87,92,94,93,88,78,68,67,64,63,66,67,65,63,63,58,56,56,58,56,51,48,49,60,55,51,50,53,56,57,55,55,59,58,56,55,53,59,73,85,79,71,68,72,77,73,65,61,56,59,60,50,44,51,58,68,69,55,65,74,66,70,70,69,79,102,123,205,141,99,124,152,201,181,195,227,219,228,227,228,228,229,230,230,231,232,232,233,233,233,234,234,235,235,235,236,236,236,236,237,237,237,237
243,244,245,247,248,248,247,247,247,249,238,250,242,247,239,138,92,104,103,100,98,98,97,81,82,90,94,91,86,81,73,66,64,61,60,64,64,61,59,59,59,61,59,54,51,52,51,47,58,54,50,52,56,58,55,51,61,60,55,54,58,59,65,79,89,80,76,69,71,78,73,72,64,56,58,60,51,45,50,56,68,64,48,61,76,70,72,67,78,64,76,139,116,152,165,168,124,144,142,159,202,221,225,229,228,228,229,230,230,231,232,232,233,233,233,234,234,235,235,235,236,236,236,237,237,238,238,238
241,243,245,247,248,248,248,247,248,250,236,251,243,249,238,125,106,114,97,87,91,100,99,74,81,89,92,85,76,72,68,64,61,58,58,61,62,59,56,55,61,65,60,50,47,52,53,48,53,52,52,55,59,58,53,48,63,57,49,51,62,67,74,87,93,83,82,73,74,81,76,80,70,61,61,64,55,48,51,56,67,60,41,58,78,75,74,65,63,69,74,113,147,182,251,186,127,93,103,123,176,228,220,226,228,228,229,230,230,231,232,232,233,233,233,234,234,235,235,235,236,236,236,237,237,238,238,238
226,231,238,245,248,248,246,244,244,246,249,241,243,241,226,101,106,106,102,96,96,95,88,78,93,92,91,86,78,68,64,64,49,55,62,64,62,59,56,55,58,53,49,50,51,52,55,58,55,52,55,56,51,52,57,57,62,65,50,46,63,68,71,89,97,76,68,73,75,74,74,74,66,59,55,55,54,50,51,56,61,65,53,61,72,75,77,59,53,86,65,124,203,247,254,254,249,121,89,108,197,204,212,237,224,227,231,233,232,231,230,230,233,233,234,235,235,236,237,237,237,237,238,239,239,240,240,241
227,230,234,238,243,246,247,248,244,246,249,242,244,241,226,103,108,101,97,97,90,78,75,81,90,89,87,83,75,68,65,65,63,59,54,53,57,60,61,60,52,52,53,54,52,50,54,60,56,52,52,53,51,57,65,65,58,59,54,55,66,73,81,94,91,83,77,76,78,87,89,81,67,60,55,54,53,51,52,56,54,56,46,55,63,63,73,66,54,95,82,142,235,254,254,254,251,163,172,218,232,170,159,224,224,227,231,233,232,231,231,231,233,233,234,235,235,236,237,237,237,238,238,239,240,240,241,241
228,228,229,232,236,241,247,250,245,246,250,243,245,242,228,107,113,100,96,99,85,65,68,88,87,86,83,78,72,67,65,65,69,59,49,50,57,63,60,56,47,51,55,57,52,49,53,61,57,52,52,55,56,63,71,71,53,53,61,67,69,80,94,98,81,81,78,72,76,92,93,76,69,62,56,54,53,52,54,57,57,56,47,59,64,61,78,82,58,89,78,126,226,254,249,254,230,230,228,224,212,224,198,194,225,228,231,232,232,231,231,231,233,233,234,235,235,236,237,237,238,238,239,239,240,241,242,242
229,228,228,229,232,237,241,244,246,246,250,246,247,244,232,114,117,105,99,96,84,70,75,92,87,86,81,74,69,66,64,63,59,55,52,56,62,62,53,44,49,50,52,54,52,50,54,59,57,54,58,64,65,68,70,65,53,52,69,78,72,84,101,96,92,84,80,83,92,102,97,80,71,64,57,54,54,56,57,58,59,55,45,61,67,61,77,84,58,69,73,109,200,231,237,240,253,214,185,233,225,228,207,237,225,228,231,232,231,231,231,232,233,233,234,235,235,236,237,237,238,238,239,240,241,242,243,243
229,229,230,230,231,233,234,235,245,245,250,248,249,246,236,121,114,108,97,86,81,82,86,88,87,87,81,73,68,67,64,60,52,53,56,59,59,54,47,42,55,49,45,48,52,53,54,55,54,56,66,75,73,70,65,55,58,59,76,83,75,86,99,92,94,72,69,89,102,100,90,81,69,64,57,53,55,59,60,59,53,47,36,55,64,57,67,68,59,55,89,120,198,220,232,223,217,237,220,232,206,231,223,226,226,228,230,231,231,230,231,232,233,233,234,235,235,236,237,237,238,239,239,241,242,243,244,245
230,230,231,232,231,231,230,229,240,240,247,246,248,245,237,126,109,104,91,79,79,87,87,81,86,87,82,73,70,71,67,60,56,57,57,53,48,45,47,49,56,47,42,46,52,53,51,49,50,56,70,78,74,69,63,55,67,72,82,83,80,88,95,89,91,67,69,95,106,96,86,83,63,59,54,51,55,61,60,56,51,49,39,55,64,59,66,62,72,56,94,110,195,214,231,227,218,240,229,234,220,227,230,223,227,228,230,230,230,230,231,233,233,233,234,235,235,236,237,237,238,239,240,241,243,244,246,246
231,230,230,230,230,230,230,230,233,232,241,242,245,242,236,127,109,98,87,84,83,82,80,81,82,85,82,75,74,77,73,64,62,61,57,50,45,44,48,52,49,46,46,51,53,50,45,43,47,53,66,72,67,66,69,68,76,87,86,81,87,93,91,91,89,80,88,103,102,91,84,80,54,53,49,47,53,60,58,52,48,53,46,55,61,61,72,66,77,64,88,87,204,217,222,235,238,225,212,224,240,217,236,232,227,229,230,230,230,230,232,233,233,233,234,235,235,236,237,237,238,239,240,242,244,245,246,247
231,230,229,228,229,230,233,234,228,227,236,238,242,239,235,127,114,95,87,93,90,76,74,86,78,82,81,76,77,81,77,67,63,61,58,53,50,48,48,49,42,45,51,56,55,47,41,40,45,50,60,64,60,64,77,82,82,96,88,79,92,97,90,93,62,69,80,79,66,57,51,42,48,47,45,44,51,58,56,48,36,48,44,47,49,52,68,65,65,69,91,89,236,235,211,231,223,230,235,220,231,196,233,224,227,229,230,230,229,230,232,234,233,233,234,235,235,236,237,237,239,239,240,242,244,246,247,248
231,231,231,231,231,231,231,231,226,237,226,234,227,239,226,103,87,90,90,86,81,81,83,84,87,53,51,79,78,68,70,60,63,61,57,60,63,52,41,42,43,47,49,45,39,36,39,44,44,41,39,53,46,72,83,87,79,85,87,86,88,89,82,71,62,53,49,46,39,39,45,46,54,47,44,43,44,51,54,48,38,29,41,55,48,45,55,61,59,93,110,170,213,213,228,227,226,226,226,227,227,228,228,228,226,228,230,231,232,232,231,231,233,233,234,235,235,236,237,237,239,241,242,243,243,245,249,251
231,231,231,231,231,231,231,231,229,235,224,235,228,234,216,101,98,96,90,83,78,74,71,68,58,117,85,68,80,68,74,64,65,66,59,50,47,41,39,44,50,51,50,48,44,41,40,40,44,35,39,63,63,75,79,81,83,82,79,78,78,76,67,59,44,39,42,47,47,49,50,46,51,48,47,47,46,52,56,50,25,16,29,49,51,52,60,64,71,82,112,180,225,224,224,222,226,226,226,227,227,228,228,228,226,228,229,231,232,232,231,231,233,233,234,235,235,236,237,237,240,241,243,243,244,246,249,252
231,231,231,231,231,231,231,231,233,233,223,236,230,227,206,113,106,98,87,80,76,70,61,54,73,89,129,103,50,47,49,52,45,59,60,52,49,51,55,60,45,43,41,40,40,39,36,34,45,30,34,54,64,66,71,75,89,83,80,80,75,64,52,45,53,48,49,54,58,66,71,68,60,58,57,51,42,42,43,37,29,21,29,46,52,53,57,58,72,78,138,202,230,230,218,224,226,226,226,227,227,228,228,228,227,227,229,230,231,231,231,231,233,233,234,235,235,236,237,237,240,241,243,244,245,247,250,253
231,231,231,231,231,231,231,231,233,231,226,237,230,223,208,146,110,96,83,78,78,72,60,51,52,94,133,143,54,45,118,51,39,64,77,72,70,69,64,59,54,52,51,52,55,59,62,64,55,40,38,30,42,43,61,66,76,72,72,73,64,48,38,37,35,37,44,48,48,53,57,52,50,51,54,50,41,43,48,46,31,26,32,44,50,53,61,68,62,93,185,223,222,226,217,232,226,226,226,227,227,228,228,228,227,227,228,229,230,231,231,231,233,233,234,235,235,236,237,237,240,241,243,244,245,247,251,254
231,231,231,231,231,231,231,231,231,231,232,237,229,223,218,190,115,99,86,82,81,72,60,53,77,66,130,125,56,43,53,58,69,90,97,88,81,73,57,45,54,53,53,54,60,71,82,90,75,69,65,26,34,26,49,49,47,45,44,42,36,32,38,47,63,75,92,96,90,87,85,77,76,76,74,61,41,33,30,25,20,23,28,36,43,53,70,90,64,124,219,230,215,228,222,230,226,226,226,227,227,228,228,228,227,227,227,228,229,230,231,231,233,233,234,235,235,236,237,237,239,241,243,244,245,248,252,255
231,231,231,231,231,231,231,231,229,231,235,233,228,227,226,220,122,108,94,89,82,69,57,53,73,107,126,124,55,57,116,45,87,97,95,82,76,72,68,68,48,45,42,45,55,68,79,86,90,90,97,48,55,23,37,31,33,30,24,19,24,42,63,76,128,126,118,96,73,67,67,62,74,76,80,72,55,45,38,29,27,32,31,29,33,41,59,83,85,160,226,223,219,235,229,222,226,226,226,227,227,228,228,228,227,227,227,227,228,229,231,231,233,233,234,235,235,236,237,237,238,240,242,243,245,248,252,255
231,231,231,231,231,231,231,231,230,232,235,228,229,232,226,227,124,112,102,94,82,65,56,57,108,88,137,139,65,49,61,35,90,93,85,73,68,71,87,107,64,54,46,50,64,75,77,73,88,80,99,67,84,24,29,27,32,30,22,19,37,68,84,83,98,87,71,54,49,66,84,86,73,79,88,84,66,49,32,15,34,39,32,27,34,40,53,75,111,191,221,219,227,229,229,223,226,226,226,227,227,228,228,228,227,227,226,226,227,229,230,232,233,233,234,235,235,236,237,237,237,239,241,243,244,247,251,254
231,231,231,231,231,231,231,231,231,233,234,224,229,236,222,222,120,111,104,97,81,64,58,62,86,128,130,144,126,52,30,53,101,101,90,75,63,64,88,119,68,52,38,43,60,69,60,46,78,56,82,68,98,22,25,32,27,28,23,24,50,81,82,63,65,57,50,44,48,64,69,59,48,60,78,85,75,60,40,19,19,26,23,26,44,57,71,91,124,210,220,222,231,216,225,233,226,226,226,227,227,228,228,228,227,227,226,226,227,228,230,232,233,233,234,235,235,236,237,237,237,238,241,242,244,247,251,254
231,231,231,231,231,231,231,231,231,231,232,232,232,231,230,229,125,120,118,101,70,59,67,67,104,137,145,160,133,153,48,45,110,110,96,82,82,85,82,81,78,64,53,56,66,71,68,64,74,91,74,89,107,32,42,47,55,50,17,24,70,87,76,55,60,53,41,25,33,75,100,87,52,34,88,96,66,86,35,45,17,17,27,40,24,77,68,97,185,207,226,228,225,226,226,223,226,226,226,227,227,228,228,228,228,228,228,229,229,230,230,230,233,233,234,235,235,236,237,237,238,238,240,242,244,246,248,249
231,231,231,231,231,231,231,231,231,231,232,232,232,231,230,229,130,101,110,101,74,68,64,66,103,147,154,169,149,144,36,52,121,118,106,96,96,93,88,87,82,73,66,67,70,71,72,73,81,92,95,72,122,25,49,77,79,74,41,32,87,88,81,79,68,62,54,42,46,75,92,81,69,93,78,85,105,88,26,66,22,27,25,35,48,77,82,120,200,216,227,226,223,225,227,224,226,226,226,227,227,228,228,228,228,228,228,229,229,230,230,230,233,233,234,234,235,236,237,237,237,238,239,241,244,246,247,248
231,231,231,231,231,231,231,231,231,231,232,232,232,231,230,229,153,86,105,105,83,82,60,66,120,160,154,162,156,152,72,111,134,127,115,110,110,101,92,92,89,86,83,81,77,75,79,86,91,89,105,85,90,34,63,107,103,93,53,17,93,83,75,84,75,70,69,66,66,79,88,84,95,94,84,98,108,96,33,51,25,33,25,37,81,77,109,149,218,225,228,223,221,225,228,226,226,226,226,227,227,228,228,228,228,228,228,229,229,230,230,230,232,232,233,234,235,235,236,236,236,237,239,240,242,244,246,246
232,232,232,232,232,232,232,232,231,231,232,232,232,231,230,229,189,89,107,110,92,95,59,69,118,159,166,171,162,148,67,66,141,132,120,116,116,104,95,97,95,93,92,90,86,84,89,97,100,90,101,114,27,61,85,119,135,127,81,16,101,102,88,90,79,76,79,84,86,88,94,99,104,82,104,113,110,120,39,27,30,30,30,46,98,81,147,178,227,229,227,223,222,226,228,226,226,226,226,227,227,228,228,228,228,228,228,229,229,230,230,230,231,232,232,233,234,235,235,236,235,236,237,239,241,242,244,244
232,232,232,232,232,232,232,232,231,231,232,232,232,231,230,229,214,104,108,107,98,103,65,76,126,159,178,176,163,159,92,36,142,136,126,120,118,109,102,105,100,96,94,95,96,96,99,103,101,103,106,99,20,80,107,123,136,145,111,28,79,104,94,91,87,85,87,94,97,95,100,111,100,125,109,116,135,131,50,23,42,25,33,53,94,98,188,208,225,226,225,224,225,227,227,225,226,226,226,227,227,228,228,228,228,228,228,229,229,230,230,230,230,231,231,232,233,234,234,235,234,235,236,237,239,240,241,242
233,233,233,233,233,233,233,233,231,231,232,232,232,231,230,229,222,127,108,102,102,106,76,85,143,167,186,174,166,176,141,67,136,140,135,126,122,117,112,112,104,98,95,98,102,104,105,106,100,117,111,50,75,84,124,128,121,143,132,60,44,93,89,94,98,97,95,97,103,100,102,114,109,139,101,131,129,113,86,22,52,27,37,59,92,138,217,229,221,223,225,227,227,227,226,225,226,226,226,227,227,228,228,228,228,228,228,229,229,230,230,230,230,230,231,231,232,233,234,234,233,234,235,236,237,239,239,240
233,233,233,233,233,233,233,233,231,231,232,232,232,231,230,229,226,160,118,103,110,108,85,88,136,172,194,180,175,165,138,77,121,139,142,131,125,123,118,113,107,103,101,103,105,105,106,109,100,115,88,31,113,90,132,127,134,141,143,110,38,105,98,106,102,105,99,98,106,105,103,112,123,110,115,141,122,126,89,53,44,34,44,75,115,197,225,228,222,224,227,228,227,225,225,227,226,226,226,227,227,228,228,228,228,228,228,229,229,230,230,230,229,229,230,231,232,232,233,233,233,233,234,235,236,237,238,238
233,233,233,233,233,233,233,233,231,231,232,232,232,231,230,229,232,188,130,109,117,109,90,86,142,178,187,166,175,165,168,149,106,134,144,132,125,125,118,109,109,107,107,107,105,103,106,111,102,104,52,50,109,101,134,122,142,122,125,129,33,112,94,97,100,105,99,97,108,110,107,113,123,101,146,126,155,176,45,115,28,39,51,93,146,244,220,217,225,226,229,229,226,223,225,229,226,226,226,227,227,228,228,228,228,228,228,229,229,230,230,230,229,229,230,231,231,232,233,233,232,233,233,234,235,236,237,238
233,233,233,233,233,233,233,233,234,234,234,233,233,232,232,232,228,229,157,110,93,112,95,94,133,177,185,180,173,160,157,146,98,119,149,123,126,132,98,123,118,111,108,106,103,105,107,103,131,46,36,95,117,117,130,133,145,122,129,150,84,35,86,114,96,103,107,103,98,99,106,111,118,126,127,137,186,114,49,143,34,45,55,113,203,235,221,224,226,226,226,227,227,228,228,228,227,227,227,227,227,227,227,227,227,227,227,228,228,229,229,229,229,229,230,231,232,232,233,234,232,232,233,234,235,235,236,237
233,233,233,233,233,233,233,233,234,234,234,233,233,232,232,232,226,229,212,115,108,92,105,96,132,176,185,182,175,159,156,150,149,55,122,160,109,133,146,106,108,103,104,103,98,107,128,144,53,72,90,105,116,114,118,136,135,156,138,136,114,53,50,83,109,104,99,100,103,109,119,128,109,118,132,134,110,51,164,123,44,37,71,154,221,228,217,226,226,226,226,227,227,228,228,228,227,227,227,227,227,227,227,227,227,227,227,228,228,229,229,229,229,229,230,230,231,232,233,233,232,232,232,233,234,235,236,236
233,233,233,233,233,233,233,233,234,234,234,233,233,232,232,232,224,229,223,156,96,97,86,102,135,179,184,182,178,159,155,154,131,166,139,59,57,66,54,111,136,142,149,131,84,49,50,65,59,92,104,103,118,134,136,137,139,147,142,141,113,70,55,45,122,107,99,104,108,104,103,107,130,128,131,152,43,165,122,126,45,61,125,200,227,221,221,226,226,226,226,227,227,228,228,228,227,227,227,227,227,227,227,227,227,227,227,228,228,229,229,229,229,229,230,230,231,232,232,232,231,232,232,233,234,234,235,235
233,233,233,233,233,233,233,233,234,234,234,233,233,232,232,232,242,231,225,189,109,112,84,112,144,182,181,178,181,163,156,156,162,122,132,133,121,124,111,101,110,90,84,93,93,89,92,97,103,86,98,117,121,138,149,135,151,144,147,150,128,101,86,67,48,52,80,123,149,148,143,145,123,117,39,60,135,127,172,67,50,125,198,220,217,222,227,224,226,226,226,227,227,228,228,228,227,227,227,227,227,227,227,227,227,227,227,228,228,229,229,229,229,229,229,230,230,231,231,232,231,231,232,232,233,233,234,234
233,233,233,233,233,233,233,233,234,234,234,233,233,232,232,232,227,210,223,142,102,73,78,75,147,187,179,173,182,169,159,156,157,139,149,147,125,121,127,134,119,110,112,114,102,93,100,111,86,90,121,143,129,121,133,138,134,150,134,130,151,117,75,99,93,79,76,86,90,86,93,109,128,112,128,145,138,154,141,79,93,188,234,218,218,229,225,223,226,226,226,227,227,228,228,228,227,227,227,227,227,227,227,227,227,227,227,228,228,229,229,229,229,229,229,230,230,230,230,231,231,231,231,231,232,232,232,232
233,233,233,233,233,233,233,233,234,234,234,233,233,232,232,232,229,247,220,136,86,83,93,74,132,185,181,170,181,172,161,155,144,165,163,139,132,143,142,131,128,122,125,133,130,122,110,98,85,126,136,131,140,133,126,143,133,129,135,136,141,123,89,96,101,98,102,111,111,105,108,119,128,110,142,121,144,153,150,92,160,216,228,216,232,232,217,225,226,226,226,227,227,228,228,228,227,227,227,227,227,227,227,227,227,227,227,228,228,229,229,229,229,229,229,229,229,230,230,230,231,231,231,231,231,231,231,231
233,233,233,233,233,233,233,233,234,234,234,233,233,232,232,232,227,249,158,120,68,81,82,72,102,178,186,171,179,172,161,155,159,153,136,150,162,132,117,134,138,139,138,124,108,107,113,113,119,145,130,110,129,135,124,131,144,113,145,147,125,142,132,99,110,110,113,116,116,116,120,125,118,139,150,122,156,138,101,80,202,218,220,221,231,227,219,228,226,226,226,227,227,228,228,228,227,227,227,227,227,227,227,227,227,227,227,228,228,229,229,229,229,229,229,229,229,229,229,229,230,230,230,230,230,230,230,230
233,233,233,233,233,233,233,233,234,234,234,233,233,232,232,232,243,214,116,84,101,57,86,74,77,171,191,174,177,170,161,155,147,158,154,150,142,143,152,140,134,132,131,126,126,129,116,91,124,129,134,122,100,97,106,108,110,109,118,97,111,143,119,104,113,116,119,122,126,130,131,129,140,126,143,147,131,161,76,100,209,216,227,227,218,220,228,230,226,226,226,227,227,228,228,228,227,227,227,227,227,227,227,227,227,227,227,228,228,229,229,229,229,229,229,229,229,229,229,229,230,230,230,230,230,230,230,230
234,234,234,234,234,234,234,234,234,236,234,231,232,237,237,232,248,224,127,87,82,76,89,82,84,169,189,168,168,166,165,166,161,152,150,153,151,148,145,138,134,136,137,134,126,116,107,102,93,102,82,48,51,88,104,92,96,99,73,54,80,104,102,98,114,120,127,129,128,127,130,132,141,134,141,139,148,141,53,186,204,220,227,225,227,227,225,225,227,227,227,227,227,227,227,227,227,227,227,227,227,227,227,227,227,227,227,227,227,227,227,227,229,229,229,229,229,229,229,229,219,226,232,232,230,231,232,231
234,234,234,234,234,234,234,234,236,232,232,237,237,234,233,235,252,228,97,66,100,75,93,75,83,161,187,173,171,166,156,149,160,151,151,154,150,146,144,139,138,137,135,130,125,118,112,108,94,95,87,76,79,91,93,85,80,100,91,71,80,97,104,112,116,121,128,130,129,129,131,133,130,150,139,130,154,155,67,190,207,221,226,222,224,226,225,227,227,227,227,227,227,227,227,227,227,227,227,227,227,227,227,227,227,227,227,227,227,227,227,227,229,229,229,229,229,229,229,229,221,226,230,230,231,232,232,229
234,234,234,234,234,234,234,234,235,231,233,237,232,226,235,250,235,253,117,82,83,205,110,61,69,132,170,169,172,171,161,156,158,152,153,155,149,145,144,141,144,139,132,128,125,122,117,113,102,94,93,101,105,96,87,84,78,105,107,90,92,104,113,123,119,123,129,131,131,131,133,135,137,142,139,159,161,51,82,216,211,223,226,220,222,225,226,229,227,227,227,227,227,227,227,227,227,227,227,227,227,227,227,227,227,227,227,227,227,227,227,227,229,229,229,229,229,229,229,229,224,227,228,228,230,233,231,227
234,234,234,234,234,234,234,234,231,234,235,231,226,231,248,254,253,253,146,157,139,90,75,68,62,106,155,162,161,167,163,165,156,152,155,156,149,145,146,144,148,141,133,129,128,125,120,115,113,103,100,110,113,105,95,92,98,113,111,102,110,123,125,124,122,125,130,132,133,133,135,137,140,143,142,147,157,40,196,209,209,223,226,221,222,224,225,227,226,226,226,226,226,226,226,226,227,227,227,227,227,227,227,227,227,227,227,227,227,227,227,227,229,229,229,229,229,229,229,229,227,227,226,226,229,233,231,226
234,234,234,234,234,234,234,234,233,236,233,229,240,254,254,244,205,149,139,98,92,80,62,66,66,91,152,164,151,156,152,156,154,150,154,156,150,146,148,147,148,142,135,132,131,128,122,117,116,116,114,113,116,118,109,99,114,120,116,109,117,130,131,125,125,127,130,133,134,136,137,139,141,142,147,146,107,49,182,184,205,220,226,223,225,225,223,223,226,226,226,226,226,226,226,226,227,227,227,227,227,227,227,227,227,227,227,227,227,227,227,227,229,229,229,229,229,229,229,229,229,228,226,225,228,231,230,226
234,234,234,234,234,234,234,234,238,234,230,237,254,254,236,200,158,157,131,150,101,82,100,87,63,68,140,164,149,156,151,156,150,145,149,153,149,147,149,147,144,140,135,133,132,130,127,124,118,128,130,124,124,129,120,104,114,124,127,118,114,122,130,129,127,128,130,133,135,137,139,140,140,139,152,159,48,55,76,170,201,217,225,223,225,225,222,222,225,225,225,225,225,225,225,225,227,227,227,227,227,227,227,227,227,227,227,227,227,227,227,227,229,229,229,229,229,229,229,229,230,230,227,224,225,228,229,227
234,234,234,234,234,234,234,234,238,231,233,244,242,217,185,166,153,96,126,133,148,118,94,95,84,62,127,152,139,153,149,154,145,138,141,147,147,147,148,144,140,137,133,130,129,132,135,137,133,140,141,134,130,130,125,117,116,126,133,127,119,125,133,132,129,129,130,132,136,138,140,140,134,143,156,134,49,117,128,174,200,215,221,219,222,224,224,225,225,225,225,225,225,225,225,225,227,227,227,227,227,227,227,227,227,227,227,227,227,227,227,227,229,229,229,229,229,229,229,229,229,231,229,224,222,225,228,228
234,234,234,234,234,234,234,234,234,229,239,246,212,157,140,156,122,112,84,159,141,167,127,161,132,82,128,140,120,137,132,136,141,133,135,142,145,146,146,141,137,134,130,126,126,132,141,148,152,148,143,137,130,126,128,132,124,127,133,133,131,139,140,130,129,129,130,132,136,139,140,140,147,123,159,148,78,59,184,212,201,215,219,215,219,223,225,228,225,225,225,225,225,225,225,225,227,227,227,227,227,227,227,227,227,227,227,227,227,227,227,227,229,229,229,229,229,229,229,229,229,231,230,224,221,223,227,229
233,233,233,233,233,233,233,233,236,244,234,203,164,169,181,136,102,114,122,147,166,136,123,161,156,164,97,120,121,130,122,131,141,131,128,135,139,137,139,144,133,128,127,124,121,128,142,147,123,109,103,105,103,102,104,102,111,101,96,102,116,130,141,148,129,132,129,129,137,141,137,136,136,143,136,84,71,87,122,217,224,224,192,230,215,217,225,224,225,225,225,225,225,225,226,226,226,226,226,227,227,228,228,228,228,228,228,228,228,228,228,228,228,228,228,228,228,228,228,228,226,228,229,226,222,220,221,223
233,233,233,233,233,233,233,233,228,248,217,160,153,168,149,120,120,118,123,151,180,170,137,121,158,156,111,122,103,107,106,134,129,126,127,133,138,139,139,141,132,127,126,121,111,110,115,114,87,78,78,84,85,88,94,95,93,90,87,84,83,90,107,123,115,120,118,119,129,136,137,139,128,139,144,116,91,85,107,162,219,215,236,213,208,229,220,225,225,225,225,225,225,226,226,226,226,226,226,227,227,228,228,228,228,228,228,228,228,228,228,228,228,228,228,228,228,228,228,228,227,228,228,226,223,222,222,222
233,233,233,233,233,233,233,233,236,224,198,148,154,169,126,113,135,128,133,137,141,162,168,146,158,182,177,140,92,109,104,113,115,122,128,132,136,139,138,135,123,119,117,110,96,86,80,73,77,73,77,81,78,80,86,87,74,74,74,71,67,67,76,87,93,103,109,114,126,133,133,135,122,116,76,76,103,101,107,126,171,195,208,225,189,237,201,223,224,224,224,225,225,226,226,227,226,226,226,227,227,228,228,228,228,228,228,228,228,228,228,228,228,228,228,228,228,228,228,228,229,228,226,225,225,225,223,222
234,234,234,234,234,234,234,234,241,173,173,159,152,155,113,109,130,114,120,117,103,129,152,131,147,147,173,152,116,116,87,84,103,115,125,127,131,137,135,126,119,115,115,109,95,85,77,68,68,66,69,67,57,53,56,55,61,58,60,68,73,70,62,56,80,95,107,117,129,132,128,128,133,135,56,37,67,52,69,108,142,164,182,213,235,202,223,216,222,222,223,224,225,226,227,227,226,226,226,227,227,228,228,228,228,228,228,228,228,228,228,228,227,227,227,227,227,227,227,227,230,227,225,225,227,227,224,221
234,234,234,234,234,234,234,234,254,187,185,175,172,172,132,139,86,104,149,158,122,123,159,172,148,89,119,158,168,131,86,93,87,100,111,115,122,130,128,120,121,117,118,117,109,105,101,95,104,105,110,107,97,94,98,97,105,102,104,113,118,113,104,97,89,100,107,114,125,129,126,125,111,108,66,84,107,77,62,51,99,131,105,186,182,210,201,214,219,220,221,222,224,225,226,227,226,226,226,227,227,228,228,228,228,228,228,228,228,228,228,228,227,227,227,227,227,227,227,227,230,227,224,225,227,227,225,222
235,235,235,235,235,235,235,235,220,201,167,131,155,162,119,128,105,97,99,107,113,123,146,169,119,127,167,157,150,117,113,119,81,86,93,101,111,118,118,112,111,107,109,112,110,112,113,109,103,108,117,119,116,123,131,131,121,121,122,120,113,108,112,120,108,110,104,102,112,120,121,123,120,60,40,85,117,137,142,102,65,60,79,73,131,185,198,219,217,218,219,221,223,224,226,226,226,226,226,227,227,228,228,228,228,228,228,228,228,228,228,228,226,226,226,226,226,226,226,226,228,226,225,225,226,226,224,223
235,235,235,235,235,235,235,235,201,203,161,133,163,167,133,123,146,143,105,84,103,111,124,164,145,169,160,118,153,154,145,87,98,91,89,96,105,107,105,103,101,97,100,104,104,108,109,104,94,98,106,109,110,120,129,127,126,123,120,114,107,105,113,123,113,110,99,95,105,112,110,109,84,52,66,89,102,125,143,160,98,96,68,67,77,163,167,218,214,215,217,219,221,223,225,226,226,226,226,227,227,228,228,228,228,228,228,228,228,228,228,228,226,226,226,226,226,226,226,226,225,226,226,225,224,223,224,225
235,235,235,235,235,235,235,235,196,179,153,164,177,168,152,118,101,124,94,89,143,149,126,146,162,179,169,156,190,146,163,153,121,105,95,100,105,101,95,95,106,102,105,109,108,110,109,103,97,99,102,101,98,106,112,107,112,103,95,96,101,102,101,100,106,105,98,97,107,109,99,91,44,53,65,70,112,118,99,159,164,155,85,76,71,77,122,163,213,214,216,218,220,222,224,225,226,226,226,227,227,228,228,228,228,228,228,228,228,228,228,228,226,226,226,226,226,226,226,226,223,225,227,226,223,221,223,226
234,233,233,233,234,236,238,239,191,172,174,132,134,163,135,144,139,90,90,90,150,128,111,108,127,182,139,153,141,128,159,178,148,147,153,134,115,103,81,79,97,96,105,88,101,112,88,109,93,91,85,84,88,86,82,85,78,79,80,83,88,95,100,103,94,92,96,101,101,100,90,75,63,50,54,45,107,124,144,127,149,135,146,74,59,83,107,119,162,201,219,223,212,220,226,221,221,223,225,224,223,224,227,231,227,227,227,227,227,227,227,227,226,226,226,226,226,226,226,226,225,225,225,224,224,223,223,223
234,234,233,233,234,236,237,238,197,179,183,162,163,180,158,150,126,106,125,100,113,97,96,83,114,148,173,176,108,85,91,113,129,99,109,110,94,92,86,83,91,108,98,92,98,93,90,93,94,93,87,86,91,89,86,88,91,90,90,91,93,95,98,100,101,99,103,103,95,87,78,65,87,92,94,88,77,110,133,130,130,194,155,156,111,93,92,131,171,177,232,213,208,218,230,219,222,224,225,224,223,223,225,227,227,227,227,227,227,227,227,227,226,226,226,226,226,226,226,226,225,225,224,224,224,223,223,223
234,234,233,233,234,236,237,238,209,187,183,176,159,157,149,125,136,138,152,119,120,108,113,128,128,123,138,171,87,94,169,157,162,111,119,128,106,102,100,93,94,125,100,98,98,84,101,92,100,102,97,94,99,98,95,97,105,104,102,100,98,96,95,94,91,92,98,98,87,82,81,78,93,108,105,102,37,75,97,107,133,98,172,153,102,98,70,67,99,200,215,247,217,205,208,228,221,223,224,224,223,222,222,224,226,226,226,226,226,226,226,226,225,225,225,225,225,225,225,225,224,224,224,223,223,223,222,222
235,234,234,234,234,235,237,237,203,182,170,167,134,123,141,119,128,133,134,127,140,106,76,109,125,124,130,115,136,175,117,152,163,134,146,146,123,111,96,89,90,115,101,94,91,86,99,95,106,110,106,103,108,110,110,112,116,115,113,110,105,100,96,93,92,91,95,90,76,73,82,89,110,117,115,112,63,71,87,109,111,125,153,134,132,82,84,77,106,115,226,225,238,231,222,201,219,220,221,222,223,222,222,223,225,225,225,225,225,225,225,225,224,224,224,224,224,224,224,224,223,223,223,223,222,222,222,221
235,235,234,234,234,235,236,237,183,169,165,164,133,130,163,154,124,101,92,95,96,98,91,116,160,153,96,97,104,140,141,101,104,124,146,138,131,118,91,91,74,81,98,87,85,93,80,87,100,106,105,102,110,118,123,128,122,123,122,120,116,110,104,101,113,104,96,82,62,57,71,84,104,106,117,105,102,59,73,109,143,135,108,148,140,128,90,104,81,167,159,223,238,235,218,226,217,217,218,220,222,223,224,224,223,223,223,223,223,223,223,223,224,224,224,224,224,224,224,224,223,222,222,222,221,221,221,221
236,235,234,234,234,235,236,236,186,172,173,162,142,147,159,153,151,122,130,128,78,110,115,95,117,125,110,84,97,149,119,129,68,106,130,118,122,113,81,84,84,72,101,95,95,103,77,86,92,100,98,94,103,116,125,131,124,126,128,128,125,119,113,109,111,96,83,71,56,57,77,93,107,116,139,123,136,68,77,118,155,97,147,170,144,128,92,142,93,113,212,213,226,219,227,237,220,218,217,218,220,223,224,224,222,222,222,222,222,222,222,222,223,223,223,223,223,223,223,223,222,222,221,221,221,220,220,220
236,236,235,234,234,234,235,236,216,186,175,144,139,154,127,114,147,129,128,130,86,129,131,125,87,98,78,115,85,101,147,109,132,141,154,148,150,147,124,124,124,100,95,100,100,97,92,97,100,106,99,89,94,105,114,121,117,120,124,127,125,120,113,109,96,78,66,61,56,64,85,102,93,109,125,125,116,75,66,87,92,115,90,101,185,106,83,102,90,140,139,199,239,243,220,222,226,222,218,216,218,221,222,222,221,221,221,221,221,221,221,221,222,222,222,222,222,222,222,222,221,221,221,220,220,220,219,219
237,236,235,234,234,234,235,236,239,192,167,122,136,164,113,96,126,133,115,137,135,143,100,131,108,109,66,97,99,106,127,128,147,118,123,129,131,137,128,126,157,125,78,89,89,76,103,103,116,120,108,90,89,96,102,107,109,112,117,120,119,114,107,103,99,77,63,59,55,60,77,90,103,118,118,140,106,109,79,72,88,108,109,115,151,177,100,96,105,111,136,165,216,232,229,235,231,226,219,216,217,219,220,219,221,221,221,221,221,221,221,221,222,222,222,222,222,222,222,222,221,221,221,220,220,219,219,219
228,236,241,234,229,238,242,232,200,161,188,131,141,169,104,167,162,179,114,143,184,143,150,161,133,145,85,78,99,108,133,107,148,119,89,79,95,119,117,92,94,111,98,85,83,94,108,92,98,93,111,106,89,85,85,102,88,105,106,112,110,102,105,93,73,67,66,65,60,70,94,110,95,137,126,144,135,87,83,60,80,145,131,109,158,190,80,97,97,72,125,174,226,240,228,240,232,218,226,233,215,209,220,221,221,220,219,219,219,220,221,221,220,220,220,220,221,221,221,221,225,223,220,218,217,217,218,219
234,237,239,235,233,239,233,216,171,157,171,150,143,132,106,154,155,142,141,156,115,110,153,113,105,104,94,90,96,117,126,102,128,113,99,95,104,118,120,110,106,118,99,82,78,84,92,74,95,89,105,101,86,82,78,90,76,91,97,117,127,117,104,76,77,73,74,71,63,67,87,103,99,107,127,125,128,128,99,85,86,122,151,134,138,143,126,98,93,124,122,224,224,230,215,228,217,240,235,219,224,223,212,214,218,218,218,218,219,220,220,221,220,220,220,220,220,220,220,220,217,217,217,216,215,214,213,212
240,237,236,235,236,239,226,201,163,156,141,155,145,114,129,150,129,134,141,131,106,99,105,97,88,89,127,116,90,113,128,128,103,102,106,113,115,115,118,121,129,153,139,112,88,77,89,86,70,73,102,113,113,115,105,107,112,113,93,87,87,95,119,123,107,97,84,69,57,62,90,118,99,112,143,137,128,141,126,103,89,129,142,114,146,134,173,168,105,118,103,211,230,249,233,238,243,226,225,233,228,216,213,215,214,215,216,217,218,219,220,220,219,219,219,219,219,219,219,219,213,214,215,216,215,212,209,207
240,236,235,235,237,239,226,203,183,154,110,126,133,126,151,145,104,109,104,97,126,108,61,95,107,94,99,93,84,101,114,107,89,91,101,116,120,109,104,111,127,139,117,104,103,95,90,74,91,79,87,84,87,103,104,108,133,116,81,76,85,94,109,103,118,110,96,81,68,70,96,129,83,104,99,129,140,147,156,79,75,115,124,111,155,142,135,134,121,92,153,198,227,234,226,232,229,226,224,227,228,222,217,218,212,213,214,216,217,218,218,218,218,218,217,217,217,217,216,216,215,215,215,214,212,210,207,206
237,234,235,235,234,237,233,219,196,154,113,100,116,141,147,133,131,96,125,135,139,149,117,109,113,128,97,93,83,67,98,102,87,84,86,105,119,105,89,90,110,139,133,127,122,108,109,109,103,89,91,82,85,101,95,91,93,106,102,99,83,68,81,84,87,94,97,98,92,82,93,119,121,146,139,152,135,123,137,74,82,81,111,124,118,155,115,102,133,94,171,219,227,233,215,182,142,219,237,215,232,240,222,218,213,213,214,215,215,215,216,216,216,216,215,215,214,214,213,213,216,214,211,209,207,206,206,206
234,233,235,235,232,236,237,230,191,169,152,118,123,146,129,126,112,94,132,126,108,138,130,97,133,140,86,102,117,91,103,84,88,82,75,91,114,106,87,86,94,113,103,116,143,139,131,122,134,110,95,71,73,100,106,106,99,100,89,95,94,84,89,82,73,80,81,85,87,79,90,122,140,116,117,111,112,121,93,63,84,91,108,110,101,158,109,127,111,138,155,211,116,110,116,92,96,123,202,252,231,220,232,224,217,216,215,213,212,212,213,213,214,213,213,212,211,211,210,210,211,209,207,205,204,205,207,209
236,232,234,235,233,236,236,229,168,177,171,146,142,133,110,119,105,121,130,109,102,117,115,107,104,109,103,121,118,96,104,99,85,84,75,84,110,112,101,105,129,156,145,142,143,120,113,118,131,115,106,83,78,92,80,66,78,93,98,110,103,87,93,93,97,92,75,68,72,70,89,129,154,136,136,128,119,106,84,90,75,107,125,113,121,133,95,91,116,150,133,162,88,99,106,96,102,58,126,221,219,210,233,229,223,220,216,212,209,209,210,211,212,211,211,210,209,208,207,207,205,206,207,209,212,215,217,218
238,232,232,235,235,236,232,222,141,167,154,150,148,111,94,107,118,109,110,108,88,89,106,104,104,85,119,139,130,130,126,124,80,87,80,84,108,117,116,128,97,124,115,121,134,121,120,131,121,110,109,92,92,111,100,86,84,84,75,87,92,86,94,91,118,110,88,77,78,70,82,120,145,150,117,150,158,116,123,115,102,91,135,132,121,127,169,94,94,112,145,108,101,106,98,109,89,106,76,100,206,247,221,226,227,223,217,211,208,207,208,210,210,210,209,208,207,207,206,205,203,206,212,218,222,226,227,228
228,243,230,238,231,236,208,193,176,117,148,144,160,109,136,120,120,93,112,108,93,109,139,141,133,145,140,112,102,118,117,91,91,87,84,84,91,102,113,120,122,97,85,102,116,109,93,85,105,112,88,99,104,82,89,89,83,89,83,75,89,113,113,93,104,106,86,73,81,81,81,97,138,116,101,124,128,174,147,132,89,98,111,138,129,139,162,109,91,109,119,111,103,104,104,99,90,90,92,83,92,224,229,228,227,226,225,221,216,209,203,200,209,203,201,203,204,202,204,210,221,223,225,226,225,224,224,225
241,224,242,225,220,253,192,199,129,99,131,123,157,127,140,105,95,120,111,117,118,123,101,133,126,135,137,119,101,102,105,97,86,88,89,87,86,92,104,114,100,89,81,83,95,105,107,104,106,121,98,96,102,98,113,114,93,87,79,78,88,98,95,86,91,92,78,70,77,75,76,95,155,116,128,113,146,150,150,123,110,124,123,117,112,128,145,124,105,109,109,103,97,94,90,84,87,82,87,81,88,222,229,226,226,226,225,222,217,211,206,203,203,201,204,211,214,212,214,217,221,223,225,226,225,224,224,225
225,251,232,252,237,224,205,171,138,133,141,104,137,131,143,110,124,129,110,77,130,106,107,131,104,110,119,113,93,85,92,99,93,91,88,86,85,87,92,95,95,101,100,94,100,118,130,131,99,124,113,105,108,106,109,101,107,91,80,83,88,85,80,78,81,81,74,74,80,73,77,99,134,124,168,153,160,149,166,161,95,124,132,105,107,124,113,112,120,111,104,103,102,95,87,82,86,76,84,83,88,220,229,228,226,226,225,223,219,215,211,208,205,206,212,220,224,222,220,221,221,223,225,226,225,224,224,225
247,227,227,226,223,246,184,160,153,161,146,91,112,115,127,115,140,128,85,113,101,126,106,100,89,94,103,103,93,91,98,100,104,94,85,85,90,91,85,77,80,89,96,95,96,102,108,110,90,106,103,101,108,104,97,95,116,102,89,87,88,86,80,76,81,80,79,84,86,78,83,105,107,122,155,184,145,162,144,147,89,111,129,95,102,132,114,117,112,99,95,104,107,97,89,88,88,75,83,87,90,212,221,232,225,225,225,224,221,218,215,214,215,218,222,226,226,224,221,219,221,223,225,226,225,224,224,225
232,227,245,245,224,235,175,155,138,139,116,84,105,108,107,104,150,114,113,101,115,90,120,80,94,96,98,95,98,111,111,96,99,94,89,90,92,92,87,82,77,74,79,90,91,81,81,88,111,102,95,101,116,117,115,135,114,110,97,84,85,92,87,75,79,78,80,85,85,78,85,103,137,131,145,172,143,164,122,90,82,99,135,124,133,158,126,103,88,81,86,101,104,92,84,87,87,74,79,87,89,190,197,232,225,225,225,224,223,221,219,218,223,225,225,224,223,223,221,219,221,223,225,226,225,224,224,225
226,238,219,249,238,236,220,172,159,137,99,88,110,118,106,102,126,143,103,123,94,94,98,104,101,97,91,85,91,108,106,86,86,93,99,98,92,90,94,99,92,79,78,92,96,86,87,99,108,92,93,100,110,100,86,111,106,106,95,81,82,93,91,78,73,73,74,76,75,77,86,96,144,133,176,148,141,132,134,91,111,112,118,111,125,148,129,105,81,81,92,107,109,96,88,89,82,75,73,82,85,158,158,229,226,226,225,224,223,222,222,221,223,224,224,221,221,224,225,223,221,223,225,226,225,224,224,225
233,158,139,121,129,184,114,86,159,136,102,101,107,117,103,96,88,121,116,119,138,95,113,109,105,94,88,87,87,93,97,94,93,95,98,98,95,94,95,96,83,77,76,82,87,88,91,96,114,113,130,127,126,112,85,102,107,99,89,84,87,91,91,88,73,73,74,71,71,83,95,97,117,120,170,133,119,123,140,100,114,129,109,111,138,133,106,82,85,89,99,112,115,108,98,93,80,80,71,81,84,130,123,229,226,226,225,224,224,223,223,222,220,224,224,221,222,225,226,223,221,223,225,226,225,224,224,225
95,109,119,135,108,119,113,95,94,98,97,109,97,103,86,75,93,110,84,112,120,117,144,139,115,98,96,103,96,90,103,119,112,100,90,92,102,103,91,78,72,80,84,82,86,94,96,90,80,92,114,99,97,100,83,103,112,94,85,91,94,89,90,98,78,80,79,73,75,95,108,104,138,135,139,145,122,178,144,84,127,155,107,109,149,125,96,84,82,85,94,105,112,110,100,91,81,87,73,82,87,116,104,231,227,226,225,224,223,223,223,223,221,225,227,223,223,225,224,219,221,223,225,226,225,224,224,225
99,98,98,102,103,96,100,117,95,88,91,99,100,97,90,81,87,93,111,92,102,104,94,170,142,112,99,100,115,116,95,100,81,101,105,76,76,97,89,77,84,85,84,80,79,80,80,78,85,85,85,86,88,92,96,98,95,86,85,100,113,113,104,97,76,86,86,60,81,106,88,104,154,136,171,174,92,157,111,98,98,131,126,156,161,167,102,72,84,80,86,98,106,112,109,99,87,82,77,75,104,207,240,228,220,234,228,222,231,223,216,231,221,222,223,223,222,220,218,216,217,218,220,222,224,225,226,226
92,94,90,87,89,89,89,94,90,86,91,94,87,82,82,80,86,91,113,97,99,99,85,139,155,142,137,129,110,103,102,87,99,83,82,90,96,85,77,95,81,83,83,81,81,83,82,79,82,83,84,86,88,89,90,91,89,87,92,103,108,101,92,88,75,72,84,78,97,126,112,107,170,163,126,173,117,139,148,115,137,129,116,116,142,130,104,89,78,76,84,98,107,115,115,106,79,79,83,77,135,211,235,228,229,219,227,231,220,226,233,219,221,221,221,220,219,218,217,216,217,218,218,220,222,223,225,226
94,96,93,86,88,94,93,88,100,94,96,99,94,92,93,90,80,83,110,99,92,95,81,105,113,121,125,137,120,124,157,129,127,121,102,86,87,87,81,77,78,81,83,82,83,85,83,80,78,80,83,86,87,87,85,84,87,90,100,107,103,89,81,81,86,70,82,83,93,128,136,129,162,153,132,155,120,154,146,137,140,116,123,112,144,101,90,74,78,77,85,97,105,113,115,108,86,83,88,81,189,231,237,231,233,223,229,227,216,226,234,217,220,219,218,217,216,216,216,216,217,217,216,217,218,221,223,225
88,86,87,88,87,89,93,92,97,86,85,92,96,97,93,84,76,75,99,92,82,91,86,88,99,111,96,123,125,126,168,147,126,130,105,84,84,91,95,85,78,82,84,84,84,84,82,78,77,78,81,83,85,85,85,85,90,93,100,106,99,86,79,80,83,79,86,89,96,118,132,138,147,151,140,143,141,187,151,114,140,123,125,108,109,80,84,82,84,82,89,97,100,104,106,100,88,73,74,70,218,239,232,228,218,238,232,219,225,223,217,226,219,218,216,215,214,215,216,217,218,217,215,215,216,219,222,225
95,85,90,100,93,88,95,102,97,94,100,106,103,99,96,92,82,77,90,84,74,86,89,83,111,122,85,106,118,98,131,143,140,124,101,119,111,70,74,91,80,84,85,84,83,83,80,75,78,78,78,79,82,85,87,89,91,87,89,94,92,84,79,80,71,87,88,104,128,124,115,120,145,174,121,160,178,174,170,84,115,130,132,131,84,82,76,81,87,86,91,95,94,97,99,95,117,97,90,67,184,176,164,169,182,215,229,228,232,221,214,227,219,218,216,215,215,216,217,218,219,218,216,215,216,219,222,224
96,84,90,98,89,86,93,93,99,109,124,125,106,95,100,107,94,89,88,83,76,81,87,81,109,120,88,96,104,77,101,142,143,153,135,146,131,88,83,72,81,84,85,82,81,81,78,74,80,79,78,78,80,83,87,89,84,77,75,80,83,79,78,79,83,95,80,105,142,129,113,113,104,120,136,168,166,149,161,151,115,132,130,133,67,82,81,89,86,85,90,94,91,94,99,98,98,91,99,79,138,131,136,160,144,157,203,236,229,224,228,219,220,219,218,218,218,218,219,219,220,219,219,218,219,221,223,225
86,81,85,82,79,95,98,74,83,90,104,105,90,82,89,96,100,100,90,89,87,80,83,83,114,112,97,91,89,75,81,110,110,152,136,135,134,123,125,84,80,82,82,79,79,80,79,77,80,80,80,79,80,80,81,81,76,71,70,76,78,76,76,81,96,99,85,111,129,112,114,114,146,118,186,167,136,127,107,141,117,112,129,136,95,83,83,73,87,87,93,95,91,94,100,101,97,95,109,100,101,103,109,132,126,118,155,206,222,226,229,221,220,220,221,222,222,221,221,220,221,221,222,222,223,224,225,225
103,107,109,96,101,136,137,92,83,77,81,89,91,93,95,92,97,103,91,95,99,84,82,86,104,86,88,82,83,95,89,89,116,125,99,125,130,100,109,95,78,80,79,77,78,81,81,80,80,80,81,81,80,78,75,73,72,70,73,79,79,75,77,84,85,95,106,137,121,90,106,101,185,145,152,157,164,159,149,102,156,106,115,102,94,67,97,90,91,91,96,97,91,93,99,100,97,88,100,105,77,90,88,95,124,113,113,160,218,226,216,231,220,221,223,224,224,223,222,221,222,223,224,225,225,226,226,226
